4.6060e-05
4.6060e-05
4.6060e-05
4.6060e-05
4.6060e-05
6.6700e-05
6.6700e-05
6.6700e-05
6.6700e-05
6.6700e-05
6.6700e-05
6.6700e-05
6.6700e-05
6.6700e-05
6.6700e-05
6.6700e-05
6.6700e-05
6.6700e-05
6.6700e-05
6.6700e-05
6.6700e-05
6.6700e-05
6.6700e-05
1.0000e-04
1.0000e-04
1.0000e-04
1.0000e-04
1.0000e-04
1.0000e-04
1.0000e-04
1.0000e-04
1.0000e-04
1.0000e-04
1.0000e-04
1.0000e-04
6.6700e-05
6.6700e-05
6.6700e-05
6.6700e-05
6.6700e-05
6.6700e-05
6.6700e-05
6.6700e-05
6.6700e-05
6.6700e-05
6.6700e-05
6.6700e-05
6.6700e-05
6.6700e-05
6.6700e-05
6.6700e-05
6.6700e-05
6.6700e-05
6.6700e-05
6.6700e-05
6.6700e-05
6.6700e-05
6.6700e-05
6.6700e-05
6.6700e-05
6.6700e-05
6.6700e-05
6.6700e-05
6.6700e-05
6.6700e-05
6.6700e-05
6.6700e-05
6.6700e-05
6.6700e-05
6.6700e-05
6.6700e-05
6.6700e-05
6.6700e-05
6.6700e-05
6.6700e-05
6.6700e-05
6.6700e-05
1.0000e-04
1.0000e-04
1.0000e-04
1.0000e-04
1.0000e-04
1.0000e-04
1.0000e-04
1.0000e-04
1.0000e-04
1.0000e-04
1.0000e-04
1.0000e-04
6.6700e-05
6.6700e-05
6.6700e-05
6.6700e-05
6.6700e-05
6.6700e-05
6.6700e-05
6.6700e-05
6.6700e-05
6.6700e-05
6.6700e-05
6.6700e-05
4.6060e-05
4.6060e-05
4.6060e-05
4.6060e-05
4.6060e-05
4.6060e-05
4.6060e-05
4.6060e-05
4.6060e-05
4.6060e-05
4.6060e-05
4.6060e-05
4.6060e-05
4.6060e-05
4.6060e-05
4.6060e-05
4.6060e-05
4.6060e-05
4.6060e-05
4.6060e-05
4.6060e-05
4.6060e-05
4.6060e-05
4.6060e-05
4.6060e-05
4.6060e-05
4.6060e-05
4.6060e-05
4.6060e-05
4.6060e-05
4.6060e-05
4.6060e-05
4.6060e-05
4.6060e-05
4.6060e-05
4.6060e-05
4.6060e-05
4.6060e-05
4.6060e-05
4.6060e-05
4.6060e-05
4.6060e-05
4.6060e-05